Selection Sort: NumberArray1
  1  1  2  3  4  5  5  5  5  8
  9 10 11 11 11 12 13 16 16 16
 16 16 16 18 19 19 20 21 21 24
 24 27 28 29 31 32 33 34 35 36
 36 40 42 42 43 44 45 45 46 47
 47 48 48 49 49 50 51 52 53 54
 55 55 56 56 56 57 59 59 61 61
 61 63 65 67 69 69 69 70 71 72
 72 74 74 75 75 76 80 80 84 84
 86 87 88 89 90 91 94 96 96 98


Selection Sort: NumberArray2
  1  4  6  6  7  7  7 11 11 11
 13 13 14 14 14 15 16 18 21 21
 21 21 23 23 23 25 27 27 28 29
 30 30 30 31 31 32 33 34 34 34
 34 36 37 38 38 38 38 39 41 41
 42 43 45 46 48 48 49 50 51 51
 52 52 55 55 57 60 63 65 66 68
 69 69 70 71 71 72 73 73 74 76
 76 77 78 79 80 81 84 86 86 86
 87 89 92 94 94 95 95 96 96 97


Selection Sort: NumberArray3
  0  0  2  2  3  3  3  5  6  7
  7  8  9  9 10 10 11 13 14 15
 15 16 17 17 19 21 21 22 26 26
 29 29 29 30 32 32 32 34 37 39
 41 42 43 45 46 47 48 48 48 49
 51 52 52 53 53 55 56 57 57 57
 58 58 60 62 64 65 66 67 70 72
 72 74 74 75 76 77 78 80 82 83
 84 84 84 87 88 89 89 90 91 91
 92 93 93 94 94 95 95 96 97 98


Selection Sort: NumberArray4
  0  1  2  2  4  6  7  8  9  9
 10 11 11 11 11 13 15 16 16 17
 17 17 18 18 19 19 19 24 25 29
 29 30 31 31 32 32 33 33 34 34
 35 35 36 36 36 38 38 38 39 40
 40 41 41 43 44 45 45 46 46 50
 53 54 54 57 57 59 60 62 62 62
 64 64 64 64 65 66 68 69 72 72
 74 74 77 78 78 79 80 80 80 81
 84 84 85 86 86 86 88 89 93 98


Insertion Sort: NumberArray1
  1  1  2  3  4  5  5  5  5  8
  9 10 11 11 11 12 13 16 16 16
 16 16 16 18 19 19 20 21 21 24
 24 27 28 29 31 32 33 34 35 36
 36 40 42 42 43 44 45 45 46 47
 47 48 48 49 49 50 51 52 53 54
 55 55 56 56 56 57 59 59 61 61
 61 63 65 67 69 69 69 70 71 72
 72 74 74 75 75 76 80 80 84 84
 86 87 88 89 90 91 94 96 96 98


Insertion Sort: NumberArray2
  1  4  6  6  7  7  7 11 11 11
 13 13 14 14 14 15 16 18 21 21
 21 21 23 23 23 25 27 27 28 29
 30 30 30 31 31 32 33 34 34 34
 34 36 37 38 38 38 38 39 41 41
 42 43 45 46 48 48 49 50 51 51
 52 52 55 55 57 60 63 65 66 68
 69 69 70 71 71 72 73 73 74 76
 76 77 78 79 80 81 84 86 86 86
 87 89 92 94 94 95 95 96 96 97


Insertion Sort: NumberArray3
  0  0  2  2  3  3  3  5  6  7
  7  8  9  9 10 10 11 13 14 15
 15 16 17 17 19 21 21 22 26 26
 29 29 29 30 32 32 32 34 37 39
 41 42 43 45 46 47 48 48 48 49
 51 52 52 53 53 55 56 57 57 57
 58 58 60 62 64 65 66 67 70 72
 72 74 74 75 76 77 78 80 82 83
 84 84 84 87 88 89 89 90 91 91
 92 93 93 94 94 95 95 96 97 98


Insertion Sort: NumberArray4
  0  1  2  2  4  6  7  8  9  9
 10 11 11 11 11 13 15 16 16 17
 17 17 18 18 19 19 19 24 25 29
 29 30 31 31 32 32 33 33 34 34
 35 35 36 36 36 38 38 38 39 40
 40 41 41 43 44 45 45 46 46 50
 53 54 54 57 57 59 60 62 62 62
 64 64 64 64 65 66 68 69 72 72
 74 74 77 78 78 79 80 80 80 81
 84 84 85 86 86 86 88 89 93 98


Bubble Sort: NumberArray1
  1  1  2  3  4  5  5  5  5  8
  9 10 11 11 11 12 13 16 16 16
 16 16 16 18 19 19 20 21 21 24
 24 27 28 29 31 32 33 34 35 36
 36 40 42 42 43 44 45 45 46 47
 47 48 48 49 49 50 51 52 53 54
 55 55 56 56 56 57 59 59 61 61
 61 63 65 67 69 69 69 70 71 72
 72 74 74 75 75 76 80 80 84 84
 86 87 88 89 90 91 94 96 96 98


Bubble Sort: NumberArray2
  1  4  6  6  7  7  7 11 11 11
 13 13 14 14 14 15 16 18 21 21
 21 21 23 23 23 25 27 27 28 29
 30 30 30 31 31 32 33 34 34 34
 34 36 37 38 38 38 38 39 41 41
 42 43 45 46 48 48 49 50 51 51
 52 52 55 55 57 60 63 65 66 68
 69 69 70 71 71 72 73 73 74 76
 76 77 78 79 80 81 84 86 86 86
 87 89 92 94 94 95 95 96 96 97


Bubble Sort: NumberArray3
  0  0  2  2  3  3  3  5  6  7
  7  8  9  9 10 10 11 13 14 15
 15 16 17 17 19 21 21 22 26 26
 29 29 29 30 32 32 32 34 37 39
 41 42 43 45 46 47 48 48 48 49
 51 52 52 53 53 55 56 57 57 57
 58 58 60 62 64 65 66 67 70 72
 72 74 74 75 76 77 78 80 82 83
 84 84 84 87 88 89 89 90 91 91
 92 93 93 94 94 95 95 96 97 98


Bubble Sort: NumberArray4
  0  1  2  2  4  6  7  8  9  9
 10 11 11 11 11 13 15 16 16 17
 17 17 18 18 19 19 19 24 25 29
 29 30 31 31 32 32 33 33 34 34
 35 35 36 36 36 38 38 38 39 40
 40 41 41 43 44 45 45 46 46 50
 53 54 54 57 57 59 60 62 62 62
 64 64 64 64 65 66 68 69 72 72
 74 74 77 78 78 79 80 80 80 81
 84 84 85 86 86 86 88 89 93 98


